Phenotypes File: node_1_INORM/polygenic.residuals

Variable:  residual  Sample Size: 1098  Missing: 0

Mean:                  -0.00313915714
Minimum:               -3.05024749
Maximum:               2.90729592
Standard Deviation:    0.977712323
Skewness:              -0.00122744
Kurtosis:              -0.05048734
